100 25643
3936 5000
3992 5000
3767 4898
3683 4788
3921 5000
3675 4779
3517 4572
3963 5000
3717 4835
3617 4706
3622 4711
3596 4678
3955 5000
3547 4614
3871 5000
3898 5000
3961 5000
3778 4911
3720 4839
3638 4731
3900 5000
3644 4739
3536 4596
3536 4599
3626 4716
3655 4752
3904 5000
3549 4616
3967 5000
3973 5000
3867 5000
3669 4770
3517 4574
3564 4635
3537 4598
3643 4737
3731 4854
3940 5000
3753 4881
3669 4769
3627 4715
3744 4868
3778 4915
3734 4856
3942 5000
3656 4754
3555 4623
3931 5000
3690 4797
3726 4847
3939 5000
3515 4572
3967 5000
3844 5000
3849 5000
3819 4964
3605 4688
3573 4645
3627 4715
3541 4604
3599 4678
3773 4904
3898 5000
3752 4877
3945 5000
3576 4648
3752 4880
3665 4767
3792 4929
3588 4668
3929 5000
3839 4991
3665 4765
3562 4633
3786 4924
3509 4562
3708 4821
3803 4944
3842 4996
3763 4895
3890 5000
3788 4927
3520 4577
3779 4914
3768 4899
3769 4902
3768 4899
3577 4652
3672 4773
3739 4862
3878 5000
3509 4564
3768 4901
3612 4697
3603 4683
3562 4634
3648 4745
3636 4728
3988 5000
3677 4781