1000 1200
745 766
642 745
346 745
462 745
391 745
435 462
316 391
391 902
435 773
435 635
321 902
183 642
316 881
642 769
823 881
823 842
342 635
466 842
842 905
383 905
466 772
632 905
632 809
641 772
342 949
122 641
86 122
90 949
523 809
86 940
122 280
280 520
280 464
92 520
58 520
58 281
897 949
92 425
425 778
199 523
325 778
218 778
325 586
778 880
94 778
94 443
137 443
443 519
259 519
259 412
85 412
259 702
308 443
85 833
476 833
137 382
137 711
487 711
34 476
331 702
225 331
101 331
30 331
30 77
73 77
382 822
30 459
217 459
459 815
822 834
63 822
467 834
393 467
467 945
11 459
459 777
815 978
11 884
777 893
11 255
29 255
255 599
11 811
585 599
450 811
442 585
585 901
16 442
43 901
11 564
585 717
502 901
502 942
43 734
16 626
358 626
647 734
16 819
220 358
1 358
220 817
1 295
358 588
587 626
694 817
588 707
507 694
26 694
67 707
67 169
26 395
162 395
117 162
26 816
70 162
70 449
432 449
112 816
112 271
112 360
87 112
449 997
292 360
21 292
87 348
348 810
266 292
21 154
348 813
134 266
154 258
134 885
74 258
74 876
258 491
258 751
802 876
2 802
802 970
2 333
875 970
333 849
848 875
524 875
12 524
12 670
397 670
397 667
106 667
265 667
245 849
565 848
541 565
398 565
667 921
260 265
667 929
719 929
719 836
178 260
603 836
640 929
178 562
681 929
562 695
695 795
699 795
420 699
596 640
420 792
215 699
596 873
238 596
215 423
238 749
873 889
623 749
441 889
623 939
600 889
889 957
182 957
182 192
957 987
81 987
470 957
623 917
470 984
532 987
103 532
103 954
192 249
740 954
249 789
230 954
376 789
230 786
42 786
172 786
740 887
42 859
804 859
152 859
804 996
185 859
152 677
677 966
548 996
208 966
548 660
208 494
437 494
426 437
426 748
708 966
426 602
494 877
437 590
46 602
46 965
660 715
715 743
400 743
400 999
6 400
372 999
6 433
372 526
433 634
145 433
145 606
6 468
372 691
328 634
328 381
226 468
634 783
181 783
261 381
783 906
381 545
261 385
294 906
294 771
604 634
604 686
490 604
261 577
224 604
577 961
41 224
41 644
644 872
118 872
41 655
95 655
95 762
95 492
334 655
334 763
703 763
95 592
703 852
243 592
763 812
243 888
243 363
363 493
363 377
396 812
396 732
80 377
396 533
363 439
482 732
80 953
80 190
396 669
190 578
262 669
38 578
38 284
262 446
284 303
446 741
33 38
88 741
264 741
303 546
546 907
27 907
27 128
128 319
319 417
174 319
88 244
244 959
244 629
278 629
244 529
198 529
322 529
278 323
925 959
198 593
233 925
233 619
198 469
233 736
102 619
736 774
335 736
736 744
121 774
341 774
469 682
121 204
204 794
132 341
132 733
589 744
24 589
24 613
4 132
4 465
4 728
728 854
241 854
379 728
728 814
630 854
338 814
814 858
379 567
627 858
505 733
250 465
474 505
607 627
607 968
78 567
28 607
78 84
28 927
28 499
123 927
123 685
298 685
123 938
13 938
685 989
657 989
47 657
78 160
13 522
865 938
160 336
47 768
160 969
720 969
431 865
14 431
14 380
14 936
193 936
14 518
380 770
193 799
413 799
201 518
201 843
431 931
355 770
176 355
116 843
116 306
175 355
306 934
248 355
175 313
175 775
557 775
302 313
557 764
313 501
302 798
274 798
458 764
458 516
274 617
175 297
297 406
297 664
196 458
196 958
288 958
274 656
150 196
656 725
150 503
60 150
503 506
60 832
212 506
212 801
212 479
832 935
60 350
350 737
440 832
935 948
210 737
111 210
111 384
111 509
68 384
68 131
68 855
131 616
111 628
580 616
131 453
453 753
753 950
349 950
452 453
580 892
675 892
452 716
158 716
349 362
158 570
247 570
158 652
362 967
159 652
247 684
684 700
537 684
159 330
394 652
177 700
330 856
612 967
72 612
620 700
72 105
105 109
339 620
339 475
263 339
339 909
475 891
263 760
105 663
110 663
457 909
731 760
731 797
37 457
457 673
663 837
782 891
139 837
605 731
636 782
540 837
605 651
227 605
251 651
227 933
187 251
538 651
227 646
530 538
251 495
17 538
495 998
582 646
17 981
180 981
538 690
690 729
309 729
776 981
144 309
129 776
582 844
727 776
129 726
209 844
96 690
127 209
726 964
840 964
222 844
19 96
144 421
113 209
19 747
747 879
697 726
320 879
222 611
257 879
59 697
59 351
69 320
23 69
23 369
69 898
69 561
701 898
561 911
83 369
83 307
83 608
83 436
167 436
167 712
712 738
460 738
738 994
167 232
460 788
977 994
133 977
89 788
126 608
89 125
126 471
471 713
312 713
534 713
256 534
89 365
365 973
119 365
943 973
119 197
197 839
270 943
197 253
536 839
119 189
189 508
173 189
189 671
671 896
890 896
173 932
347 896
141 932
141 205
497 508
205 500
61 500
409 500
141 143
48 143
143 594
409 846
9 409
409 926
282 409
571 926
107 282
9 609
594 779
79 609
779 845
107 419
419 483
430 483
419 862
286 430
124 846
124 374
554 845
10 483
780 862
374 661
236 661
542 661
661 835
151 236
661 919
780 915
3 835
151 326
98 542
98 246
98 528
445 528
528 923
91 915
91 157
91 161
662 923
631 662
207 246
170 207
407 923
170 972
200 407
200 601
170 194
194 992
194 434
434 922
434 576
31 434
31 610
922 990
252 990
252 511
31 838
31 874
211 874
211 878
211 390
730 922
211 367
367 962
944 962
454 730
375 390
806 944
639 806
140 806
448 639
454 908
140 688
415 908
401 448
279 401
639 710
279 329
148 710
310 329
310 718
310 863
168 863
186 310
310 980
186 581
928 980
868 928
221 980
525 581
221 993
787 993
75 525
345 787
136 345
327 787
164 787
136 344
790 868
790 979
130 790
130 659
525 976
130 698
22 659
164 678
678 985
638 985
791 985
638 864
22 359
146 698
359 480
191 638
45 146
52 480
191 930
781 930
45 242
242 947
883 947
765 947
444 765
242 568
444 861
693 765
273 861
108 273
62 108
463 861
242 254
108 988
754 988
254 668
693 724
429 724
920 988
724 735
366 724
429 974
625 920
549 974
366 531
314 531
366 951
314 672
676 951
455 672
314 343
676 722
343 679
71 455
343 975
71 653
142 975
451 975
614 722
240 614
5 614
277 614
240 860
53 451
283 860
240 371
283 924
371 574
389 574
371 828
296 389
556 574
555 828
296 472
354 860
361 371
361 803
405 860
803 899
486 555
486 793
486 558
408 558
234 558
408 645
558 910
424 910
484 645
408 830
66 830
484 918
484 633
584 918
513 584
496 830
424 963
496 572
496 515
318 830
517 572
515 521
166 318
228 496
35 228
35 364
364 461
64 364
35 378
368 461
368 550
51 550
231 517
51 147
231 559
51 851
324 550
324 552
851 903
324 683
51 289
324 666
510 903
569 683
510 714
552 882
658 882
649 683
683 721
104 666
40 649
195 666
104 566
566 983
40 285
285 995
416 882
269 416
269 563
563 579
527 563
952 995
416 758
386 758
566 784
195 213
114 758
239 784
223 952
223 447
223 575
223 356
213 299
267 356
135 952
135 805
135 916
418 805
418 598
82 598
299 991
598 867
438 916
291 598
301 867
216 867
216 624
188 301
188 687
216 847
547 687
149 301
179 547
547 850
149 387
49 387
543 850
387 831
674 831
756 831
57 756
824 831
97 850
97 757
757 956
543 705
275 956
56 97
900 956
591 956
404 824
404 767
56 403
539 591
591 706
404 869
36 767
643 767
818 869
618 900
370 618
352 618
618 755
755 796
156 796
796 986
399 986
156 723
55 399
55 894
654 894
709 723
156 573
654 820
553 709
332 553
219 820
544 573
332 808
272 808
595 709
759 808
512 544
512 807
287 807
808 895
214 287
414 895
214 229
272 904
414 485
807 1000
414 689
100 689
841 1000
120 485
414 498
120 739
477 1000
560 841
402 1000
477 821
477 827
481 821
202 821
560 704
65 120
704 912
353 912
8 912
18 65
44 912
18 237
50 237
50 155
237 680
353 785
44 300
300 746
680 692
300 597
300 315
184 680
353 388
388 829
315 340
153 829
153 165
165 235
340 750
153 410
235 276
235 886
488 886
488 752
478 488
392 752
304 752
392 504
171 392
76 171
304 665
76 853
742 853
411 853
411 761
750 937
857 937
857 914
20 937
914 946
20 637
637 941
171 293
163 293
293 311
551 946
551 621
551 622
311 615
622 650
93 311
15 650
15 428
7 637
7 871
7 25
427 615
25 290
290 800
138 800
583 800
337 428
203 337
203 305
203 982
138 357
357 373
99 800
357 514
422 982
422 456
422 826
7 268
456 473
317 473
206 826
39 317
206 535
32 535
32 489
489 870
54 489
489 913
696 913
32 115
115 955
696 960
825 960
54 971
648 825
866 955
676 971
290 611
146 681
42 270
38 197
73 221
390 557
8 260
87 506
274 876
127 156
119 761
658 980
68 94
52 267
276 743
234 282
226 871
192 747
229 393
123 194
68 320
428 642
112 875
7 96
558 564
498 651
276 720
5 894
693 852
310 822
308 540
564 794
367 826
206 232
317 890
682 920
185 745
212 453
608 737
865 906
110 767
376 982
397 471
31 381
4 298
339 740
614 988
2 323
219 490
117 322
513 767
217 726
851 914
207 786
89 550
24 819
257 858
76 376
199 763
874 908
523 891
751 785
331 396
301 760
646 835
286 628
481 626
459 549
620 692
222 925
238 277
45 608
252 592
893 946
644 755
259 968
42 632
301 525
108 857
15 878
534 680
360 648
899 994
201 320
58 876
567 924
658 762
99 176
1 657
723 888
371 585
38 333
107 915
499 836
143 842
714 815
576 625
532 823
278 723
469 479
137 139
341 577
50 438
198 908
377 715
118 432
434 555
9 448
425 769
361 734
412 529
443 663
426 555
306 708
56 785
131 295
35 156
116 941
849 939
375 415
64 166
733 935
171 656
94 557
28 779
505 671
688 773
4 122
175 181
379 609
89 934
693 977
790 807
548 711
24 903
30 887
573 661
591 980
254 476
128 507
223 532
121 484
88 129
946 984
137 950
617 785
260 718
41 519
264 676
76 605
180 370
347 671
702 842
185 944
123 142
390 551
169 729
565 705
107 317
568 836
630 764
204 606
232 442
199 608
324 701
281 783
528 807
117 953
361 673
339 701
397 940
567 794
150 306
679 970
661 753
227 537
210 805
31 568
210 445
194 593
181 890
293 465
340 368
117 126
578 632
209 569
201 449
26 146
427 881
196 577
170 685
722 830
254 463
272 566
74 863
463 958
463 572
33 116
265 545
113 735
190 517
498 519
149 211
30 556
503 837
376 657
534 865
743 874
117 461
