15 14
13280700 74118890 7598
697900542 256500321 8881
823352033 645772643 5855
137587761 200708335 4234
781929863 527075154 933
695475151 667584979 5884
557412863 597213705 3385
230708545 328659926 642
157323943 558313360 4121
875362996 600900725 9996
966197091 614181425 5238
499194689 312081967 5559
78969922 987950352 4555
107605777 125538113 2890
107566364 759984328 8045
103124976 830667256
222914143 73321406
858311690 165225268
262452979 574878871
923782327 876109352
866219805 68168676
953481678 978810126
210351084 216325520
454669106 420648761
125784633 330661229
730183652 217126181
29552282 669158658
260279618 257782425
733899036 677900561